Timestamp; Remesa; Mensajes generado en remesa; Cola Longitud; SiguienteRemesa; Total Producidos
15;1;483;483;1000;483
1018;2;494;977;1000;977
2028;3;375;752;1000;1352
3036;4;757;909;1000;2109
4043;5;997;1306;1000;3106
5055;6;477;1183;1000;3583
6067;7;891;1474;1000;4474
7080;8;986;1860;1000;5460
8093;9;579;1839;1000;6039
9098;10;390;1629;1000;6429
10107;11;953;1982;1000;7382
11115;12;698;2080;1000;8080
12122;13;661;2141;1000;8741
13134;14;557;2098;1000;9298
14144;15;630;2128;1000;9928
15151;16;794;2322;1000;10722
16166;17;970;2692;1000;11692
17181;18;675;2767;1000;12367
18209;19;420;2587;1000;12787
19228;20;424;2411;1000;13211
20237;21;907;2718;1000;14118
21263;22;994;3112;1000;15112
22270;23;643;3155;1000;15755
23284;24;484;3039;1000;16239
24291;25;876;3315;1000;17115
25299;26;992;3707;1000;18107
26302;27;909;4016;1000;19016
27311;28;794;4210;1000;19810
28316;29;476;4086;1000;20286
29329;30;726;4212;1000;21012
30336;31;735;4347;1000;21747
31349;32;521;4268;1000;22268
32364;33;664;4332;1000;22932
33372;34;710;4442;1000;23642
34382;35;662;4504;1000;24304
35392;36;649;4553;1000;24953
36401;37;841;4794;1000;25794
37409;38;997;5191;1000;26791
38419;39;466;5057;1000;27257
39427;40;758;5215;1000;28015
40442;41;426;5041;1000;28441
41457;42;708;5149;1000;29149
42461;43;895;5444;1000;30044
43472;44;381;5225;1000;30425
44479;45;586;5211;1000;31011
45491;46;694;5305;1000;31705
46497;47;819;5524;1000;32524
47511;48;339;5263;1000;32863
48522;49;351;5014;1000;33214
49528;50;748;5162;1000;33962
50542;51;926;5488;1000;34888
51554;52;354;5242;1000;35242
52562;53;424;5066;1000;35666
53571;54;353;4819;1000;36019
54579;55;414;4633;1000;36433
55594;56;527;4560;1000;36960
56606;57;985;4945;1000;37945
57615;58;376;4721;1000;38321
58628;59;650;4771;1000;38971
59644;60;520;4691;1000;39491
60650;61;312;4403;1000;39803
61664;62;920;4723;1000;40723
62670;63;565;4688;1000;41288
63675;64;867;4955;1000;42155
64690;65;801;5156;1000;42956
65700;66;965;5521;1000;43921
66712;67;561;5482;1000;44482
67727;68;595;5477;1000;45077
68740;69;735;5612;1000;45812
69751;70;515;5527;1000;46327
70765;71;973;5900;1000;47300
71766;72;949;6249;1000;48249
72780;73;873;6522;1000;49122
73785;74;591;6513;1000;49713
74793;75;506;6419;1000;50219
75797;76;770;6589;1000;50989
76812;77;684;6673;1000;51673
77821;78;989;7062;1000;52662
78822;79;654;7116;1000;53316
79833;80;632;7148;1000;53948
80845;81;704;7252;1000;54652
81857;82;872;7524;1000;55524
82869;83;643;7567;1000;56167
83880;84;678;7645;1000;56845
84894;85;413;7458;1000;57258
85907;86;326;7184;1000;57584
86922;87;879;7463;1000;58463
87938;88;361;7224;1000;58824
88951;89;557;7181;1000;59381
89964;90;712;7293;1000;60093
90968;91;485;7178;1000;60578
91981;92;853;7431;1000;61431
92988;93;710;7541;1000;62141
93998;94;609;7550;1000;62750
95010;95;534;7484;1000;63284
96024;96;873;7757;1000;64157
97032;97;395;7552;1000;64552
98040;98;410;7362;1000;64962
99055;99;875;7637;1000;65837
100065;100;699;7736;1000;66536
101072;101;549;7685;1000;67085
102092;102;307;7392;1000;67392
103109;103;532;7324;1000;67924
104117;104;642;7366;1000;68566
105125;105;319;7085;1000;68885
106141;106;776;7261;1000;69661
107151;107;936;7597;1000;70597
108165;108;380;7377;1000;70977
109173;109;518;7295;1000;71495
110185;110;399;7094;1000;71894
111192;111;902;7396;1000;72796
112205;112;680;7476;1000;73476
113212;113;562;7438;1000;74038
114228;114;339;7177;1000;74377
115235;115;893;7470;1000;75270
116240;116;561;7431;1000;75831
117249;117;725;7556;1000;76556
118260;118;970;7926;1000;77526
119267;119;741;8067;1000;78267
120280;120;480;7947;1000;78747
121291;121;500;7847;1000;79247
122300;122;558;7805;1000;79805
123309;123;541;7746;1000;80346
124320;124;675;7821;1000;81021
125333;125;415;7636;1000;81436
126349;126;457;7493;1000;81893
127356;127;601;7494;1000;82494
128366;128;797;7691;1000;83291
129378;129;321;7412;1000;83612
130392;130;737;7549;1000;84349
131406;131;616;7565;1000;84965
132419;132;701;7666;1000;85666
133432;133;529;7595;1000;86195
134446;134;358;7353;1000;86553
135450;135;373;7126;1000;86926
136463;136;848;7374;1000;87774
137474;137;326;7100;1000;88100
138485;138;477;6977;1000;88577
139492;139;888;7265;1000;89465
140503;140;531;7196;1000;89996
141514;141;649;7245;1000;90645
142520;142;431;7076;1000;91076
143530;143;507;6983;1000;91583
144538;144;657;7040;1000;92240
145546;145;716;7156;1000;92956
146562;146;828;7384;1000;93784
147578;147;864;7648;1000;94648
148591;148;526;7574;1000;95174
149609;149;923;7897;1000;96097
150618;150;732;8029;1000;96829
151620;151;422;7851;1000;97251
152633;152;447;7698;1000;97698
153647;153;438;7536;1000;98136
154653;154;644;7580;1000;98780
155658;155;321;7301;1000;99101
156672;156;349;7050;1000;99450
157680;157;323;6773;1000;99773
158697;158;598;6771;1000;100371
159710;159;0;6171;1000;100371
160715;160;0;5571;1000;100371
161728;161;0;4971;1000;100371
162737;162;0;4371;1000;100371
163748;163;0;3771;1000;100371
164757;164;0;3171;1000;100371
165768;165;0;2571;1000;100371
166777;166;0;1971;1000;100371
167790;167;0;1371;1000;100371
168802;168;0;771;1000;100371
169817;169;0;171;1000;100371
170829;170;0;0;1000;100371
171842;171;0;0;1000;100371
172846;172;0;0;1000;100371
173857;173;0;0;1000;100371
174862;174;0;0;1000;100371
